9999999999999999999999999999
9999999999999999999999999999
9999999999999999999999999999
9999999999999999999999999999
9999999999999999999999999999
9999999999999999999999999999
9999999999999999999999999999
9999999999998999999999999999
9999999999999999999999999999
9999999999999999999999999999
9999999999999999999999999999
9999999999999999999999999999
9999999999999999999999999999
9999999999999B99999999999999
9994999999999999999999999999
9999999999999999999999999999
999999999999P999999999999999
9999999999999999999999999999
9999999999999999999999999999
9999999999999999999999999999
9999999999999999999999999999
9999999999999999999999999999
9999999999999999999999999999
9999999999999999999999999999
9999999999999999999999999999
9999999999999999999999999999
9999999999999999999999999999
9999999999999999999999999999
9999999999999999999999999999
9999999999999999999999999999
9999999999999999999999999999
