9999999999999999999999999999
9999999999999999999999999999
9999999999999999999999999999
9994444444444444449999999999
9999999999999999999999999999
9999999999999999999999999999
9999999999999999999999999999
9999999999999999999999999999
9999999999999999999999999999
9999999999999999999999999999
9999999999999999999999999999
9999999999999999999999999999
9999999999999999999999999999
9999999999999999999999999999
9999999999999999999999999999
9999999999999999999999999999
999999999999999599B999999999
9999999999999995999999999999
9999999999999999999999999999
9999999999999999999999999999
9999999999999999999999999999
999999999P999999999999999999
9999999999999999999999999999
9999999999999999999999999999
9999999999999999999999999999
9999999999999999999999999999
9999999999999999999999999999
9999999999999999999999999999
9999999999999999999999999999
9999999999999999999999999999
9999999999999999999999999999
